402.70588235294116
361.4117647058824
219.52941176470588
1125.7941176470588
1275.7058823529412
949.3235294117648
953.6470588235294
960.7058823529412
1277.2941176470588
1040.5588235294117
520.8529411764706
1254.5294117647059
1075.235294117647
796.6764705882352
599.1176470588235
793.5
810.7058823529412
644.4705882352941
1088.0294117647059
436.5
1143.8823529411766
1126.4117647058824
912.7058823529412
827.7352941176471
603.2647058823529
850.9411764705883
673.4117647058823
1016.6470588235294
511.94117647058823
773.7352941176471
1005.5294117647059
1450.0588235294117
703.1470588235294
616.6764705882352
895.7647058823529
872.6470588235294
502.2352941176471
619.7647058823529
896.5588235294117
904.1470588235294
490.5882352941176
1294.5882352941176
637.0588235294117
467.8235294117647
789.7941176470588
948.3529411764706
634.7647058823529
669.0882352941177
1005.6176470588235
1194.7058823529412
333.3529411764706
727.2352941176471
400.5
943.8529411764706
848.4705882352941
1467.7941176470588
1285.0588235294117
574.3235294117648
633.0
683.2941176470588
862.9411764705883
1068.264705882353
638.6470588235294
1046.8235294117646
558.0
991.0588235294117
1019.2941176470588
829.1470588235294
1434.5294117647059
557.9117647058823
916.5
683.1176470588235
709.4117647058823
950.6470588235294
823.5
811.3235294117648
893.9117647058823
902.9117647058823
902.5588235294117
1062.6176470588234
693.1764705882352
581.2058823529412
734.5588235294117
1653.7941176470588
1052.4705882352941
890.5588235294117
504.61764705882354
568.0588235294117
808.7647058823529
1205.4705882352941
583.9411764705883
741.6176470588235
1106.4705882352941
973.4117647058823
1199.8235294117646
667.0588235294117
646.5882352941177
705.9705882352941
740.9117647058823
324.97058823529414
171.35294117647058
243.52941176470588
204.7941176470588
135.44117647058823
61.588235294117645
209.2058823529412
98.82352941176471
171.97058823529412
205.76470588235293
238.76470588235293
65.11764705882354
107.29411764705883
207.52941176470588
136.5
100.8529411764706
100.23529411764706
286.3235294117647
243.52941176470588
283.5
93.97058823529412
136.5
246.0
239.02941176470588
168.35294117647058
209.55882352941177
530.6470588235294
169.58823529411765
174.97058823529412
170.64705882352942
333.88235294117646
210.1764705882353
26.205882352941178
101.47058823529412
100.67647058823529
128.64705882352942
208.14705882352942
63.705882352941174
277.4117647058824
104.6470588235294
140.2941176470588
241.85294117647058
168.7058823529412
341.47058823529414
350.9117647058824
212.2941176470588
62.205882352941174
209.73529411764707
206.2941176470588
167.2941176470588
278.11764705882354
212.38235294117646
33.1764705882353
527.2058823529412
137.55882352941177
102.79411764705883
312.0
245.2058823529412
242.02941176470588
169.5
131.02941176470588
136.58823529411765
173.2941176470588
173.55882352941177
64.32352941176471
174.97058823529412
140.55882352941177
172.5
137.55882352941177
204.44117647058823
138.7941176470588
206.73529411764707
138.44117647058823
240.0
176.91176470588235
366.61764705882354
62.029411764705884
207.52941176470588
206.73529411764707
171.52941176470588
316.5882352941176
175.05882352941177
67.94117647058823
169.5
100.05882352941177
365.02941176470586
136.5
171.08823529411765
476.20588235294116
243.0
109.8529411764706
177.88235294117646
100.05882352941177
137.38235294117646
140.8235294117647
64.32352941176471
208.41176470588235
105.26470588235294
316.8529411764706
133.58823529411765
136.58823529411765
